10000093
04000413
00341413
06000493
00349493
00800213
00000313
00000393
00708133
00138193
00312023
00438393
00800113
00211113
FE23C4E3
00000393
00740133
00A38193
00312023
00438393
00800113
00211113
FE23C4E3
00000393
00748133
01438193
00312023
00438393
00800113
00211113
FE23C4E3
00000393
00708133
00012183
00330333
00438393
00800113
00211113
FE23C4E3
00000393
00740133
00012183
00330333
00438393
00800113
00211111
FE23C4E3
00000393
00748133
00012183
00330333
00438393
00800113
00211113
FE23C4E3
00000393
00708133
00012183
00330333
00438393
00800113
00211113
FE23C4E3
00000393
00740133
00012183
00330333
00438393
00800113
00211113
FE23C4E3
00000393
00748133
00012183
00330333
00438393
00800113
00211113
FE23C4E3
00000393
00708133
00012183
00330333
00438393
00800113
00211113
FE23C4E3
00000393
00740133
00012183
00330333
00438393
00800113
00211113
FE23C4E3
00000393
00748133
00012183
00330333
00438393
00800113
00211113
FE23C4E3